'A' => {
    return vec![vec![0,0,1,1,1,1,0,0],
                vec![0,1,1,1,1,1,1,0],
                vec![0,1,1,0,0,1,1,0],
                vec![0,1,1,0,0,1,1,0],
                vec![0,1,1,1,1,1,1,0],
                vec![0,1,1,1,1,1,1,0],
                vec![0,1,1,0,0,1,1,0],
                vec![0,1,1,0,0,1,1,0]];
}
'B' => {
    return vec![vec![0,1,1,1,1,1,0,0],
                vec![0,1,1,1,1,1,1,0],
                vec![0,1,1,0,0,1,1,0],
                vec![0,1,1,1,1,1,1,0],
                vec![0,1,1,1,1,1,1,0],
                vec![0,1,1,0,0,1,1,0],
                vec![0,1,1,1,1,1,1,0],
                vec![0,1,1,1,1,1,0,0]];
}
'C' => {
    return vec![vec![0,1,1,1,1,1,1,0],
                vec![0,1,1,1,1,1,1,0],
                vec![0,1,1,0,0,0,0,0],
                vec![0,1,1,0,0,0,0,0],
                vec![0,1,1,0,0,0,0,0],
                vec![0,1,1,0,0,0,0,0],
                vec![0,1,1,1,1,1,1,0],
                vec![0,1,1,1,1,1,1,0]];
}
'D' => {
    return vec![vec![0,1,1,1,1,1,0,0],
                vec![0,1,1,1,1,1,1,0],
                vec![0,1,1,0,0,1,1,0],
                vec![0,1,1,0,0,1,1,0],
                vec![0,1,1,0,0,1,1,0],
                vec![0,1,1,0,0,1,1,0],
                vec![0,1,1,1,1,1,1,0],
                vec![0,1,1,1,1,1,0,0]];
}
'E' => {
    return vec![vec![0,1,1,1,1,1,1,0],
                vec![0,1,1,1,1,1,1,0],
                vec![0,1,1,0,0,0,0,0],
                vec![0,1,1,1,1,1,1,0],
                vec![0,1,1,1,1,1,1,0],
                vec![0,1,1,0,0,0,0,0],
                vec![0,1,1,1,1,1,1,0],
                vec![0,1,1,1,1,1,1,0]];
}
'F' => {
    return vec![vec![0,1,1,1,1,1,1,0],
                vec![0,1,1,1,1,1,1,0],
                vec![0,1,1,0,0,0,0,0],
                vec![0,1,1,1,1,1,1,0],
                vec![0,1,1,1,1,1,1,0],
                vec![0,1,1,0,0,0,0,0],
                vec![0,1,1,0,0,0,0,0],
                vec![0,1,1,0,0,0,0,0]];
}
'G' => {
    return vec![vec![0,0,1,1,1,1,0,0],
                vec![0,1,1,1,1,1,1,0],
                vec![0,1,1,0,0,1,1,0],
                vec![0,1,1,0,0,0,0,0],
                vec![0,1,1,0,1,1,1,0],
                vec![0,1,1,0,0,1,1,0],
                vec![0,1,1,1,1,1,1,0],
                vec![0,0,1,1,1,1,0,0]];
}
'H' => {
    return vec![vec![0,1,1,0,0,1,1,0],
                vec![0,1,1,0,0,1,1,0],
                vec![0,1,1,0,0,1,1,0],
                vec![0,1,1,1,1,1,1,0],
                vec![0,1,1,1,1,1,1,0],
                vec![0,1,1,0,0,1,1,0],
                vec![0,1,1,0,0,1,1,0],
                vec![0,1,1,0,0,1,1,0]];
}
'I' => {
    return vec![vec![0,0,1,1,1,1,0,0],
                vec![0,0,0,1,1,0,0,0],
                vec![0,0,0,1,1,0,0,0],
                vec![0,0,0,1,1,0,0,0],
                vec![0,0,0,1,1,0,0,0],
                vec![0,0,0,1,1,0,0,0],
                vec![0,0,0,1,1,0,0,0],
                vec![0,0,1,1,1,1,0,0]];
}
'J' => {
    return vec![vec![0,0,0,1,1,1,1,0],
                vec![0,0,0,0,1,1,0,0],
                vec![0,0,0,0,1,1,0,0],
                vec![0,0,0,0,1,1,0,0],
                vec![0,1,1,0,1,1,0,0],
                vec![0,1,1,0,1,1,0,0],
                vec![0,1,1,0,1,1,0,0],
                vec![0,0,1,1,1,0,0,0]];
}
'K' => {
    return vec![vec![0,1,1,0,0,1,1,0],
                vec![0,1,1,0,1,1,1,0],
                vec![0,1,1,1,1,1,0,0],
                vec![0,1,1,1,1,1,0,0],
                vec![0,1,1,1,1,1,0,0],
                vec![0,1,1,0,0,1,1,0],
                vec![0,1,1,0,0,1,1,0],
                vec![0,1,1,0,0,1,1,0]];
}
'L' => {
    return vec![vec![0,1,1,0,0,0,0,0],
                vec![0,1,1,0,0,0,0,0],
                vec![0,1,1,0,0,0,0,0],
                vec![0,1,1,0,0,0,0,0],
                vec![0,1,1,0,0,0,0,0],
                vec![0,1,1,0,0,0,0,0],
                vec![0,1,1,1,1,1,1,0],
                vec![0,1,1,1,1,1,1,0]];
}
'M' => {
    return vec![vec![1,1,0,0,0,0,1,1],
                vec![1,1,1,0,0,1,1,1],
                vec![1,1,1,1,1,1,1,1],
                vec![1,1,1,1,1,1,1,1],
                vec![1,1,0,1,1,0,1,1],
                vec![1,1,0,0,0,0,1,1],
                vec![1,1,0,0,0,0,1,1],
                vec![1,1,0,0,0,0,1,1]];
}
'N' => {
    return vec![vec![0,1,1,0,0,1,1,0],
                vec![0,1,1,1,0,1,1,0],
                vec![0,1,1,1,0,1,1,0],
                vec![0,1,1,1,1,1,1,0],
                vec![0,1,1,1,1,1,1,0],
                vec![0,1,1,0,1,1,1,0],
                vec![0,1,1,0,1,1,1,0],
                vec![0,1,1,0,0,1,1,0]];
}
'O' => {
    return vec![vec![0,0,1,1,1,1,0,0],
                vec![0,1,1,1,1,1,1,0],
                vec![0,1,1,0,0,1,1,0],
                vec![0,1,1,0,0,1,1,0],
                vec![0,1,1,0,0,1,1,0],
                vec![0,1,1,0,0,1,1,0],
                vec![0,1,1,1,1,1,1,0],
                vec![0,0,1,1,1,1,0,0]];
}
'P' => {
    return vec![vec![0,1,1,1,1,1,0,0],
                vec![0,1,1,1,1,1,1,0],
                vec![0,1,1,0,0,1,1,0],
                vec![0,1,1,1,1,1,1,0],
                vec![0,1,1,1,1,1,0,0],
                vec![0,1,1,0,0,0,0,0],
                vec![0,1,1,0,0,0,0,0],
                vec![0,1,1,0,0,0,0,0]];
}
'Q' => {
    return vec![vec![0,0,1,1,1,1,0,0],
                vec![0,1,1,1,1,1,1,0],
                vec![0,1,1,0,0,1,1,0],
                vec![0,1,1,0,0,1,1,0],
                vec![0,1,1,0,0,1,1,0],
                vec![0,1,1,0,1,0,1,0],
                vec![0,1,1,0,1,1,0,0],
                vec![0,0,1,1,0,1,1,1]];
}
'R' => {
    return vec![vec![0,1,1,1,1,1,0,0],
                vec![0,1,1,1,1,1,1,0],
                vec![0,1,1,0,0,1,1,0],
                vec![0,1,1,1,1,1,1,0],
                vec![0,1,1,1,1,1,0,0],
                vec![0,1,1,0,1,1,0,0],
                vec![0,1,1,0,0,1,1,0],
                vec![0,1,1,0,0,1,1,0]];
}
'S' => {
    return vec![vec![0,0,1,1,1,1,0,0],
                vec![0,1,1,1,1,1,1,0],
                vec![0,1,1,0,0,0,0,0],
                vec![0,1,1,1,1,1,0,0],
                vec![0,0,1,1,1,1,1,0],
                vec![0,0,0,0,0,1,1,0],
                vec![0,1,1,1,1,1,1,0],
                vec![0,0,1,1,1,1,0,0]];
}
'T' => {
    return vec![vec![0,1,1,1,1,1,1,0],
                vec![0,1,1,1,1,1,1,0],
                vec![0,0,0,1,1,0,0,0],
                vec![0,0,0,1,1,0,0,0],
                vec![0,0,0,1,1,0,0,0],
                vec![0,0,0,1,1,0,0,0],
                vec![0,0,0,1,1,0,0,0],
                vec![0,0,0,1,1,0,0,0]];
}
'U' => {
    return vec![vec![0,1,1,0,0,1,1,0],
                vec![0,1,1,0,0,1,1,0],
                vec![0,1,1,0,0,1,1,0],
                vec![0,1,1,0,0,1,1,0],
                vec![0,1,1,0,0,1,1,0],
                vec![0,1,1,0,0,1,1,0],
                vec![0,1,1,1,1,1,1,0],
                vec![0,0,1,1,1,1,0,0]];
}
'V' => {
    return vec![vec![0,1,1,0,0,1,1,0],
                vec![0,1,1,0,0,1,1,0],
                vec![0,1,1,0,0,1,1,0],
                vec![0,1,1,0,0,1,1,0],
                vec![0,1,1,0,0,1,1,0],
                vec![0,1,1,1,1,1,1,0],
                vec![0,0,1,1,1,1,0,0],
                vec![0,0,0,1,1,0,0,0]];
}
'W' => {
    return vec![vec![1,1,0,0,0,0,1,1],
                vec![1,1,0,0,0,0,1,1],
                vec![1,1,0,0,0,0,1,1],
                vec![1,1,0,1,1,0,1,1],
                vec![1,1,1,1,1,1,1,1],
                vec![1,1,1,1,1,1,1,1],
                vec![1,1,1,0,0,1,1,1],
                vec![1,1,0,0,0,0,1,1]];
}
'X' => {
    return vec![vec![0,1,1,0,0,1,1,0],
                vec![0,1,1,1,1,1,1,0],
                vec![0,0,1,1,1,1,0,0],
                vec![0,0,0,1,1,0,0,0],
                vec![0,0,0,1,1,0,0,0],
                vec![0,0,1,1,1,1,0,0],
                vec![0,1,1,1,1,1,1,0],
                vec![0,1,1,0,0,1,1,0]];
}
'Y' => {
    return vec![vec![0,1,1,0,0,1,1,0],
                vec![0,1,1,0,0,1,1,0],
                vec![0,1,1,1,1,1,1,0],
                vec![0,1,1,1,1,1,1,0],
                vec![0,0,1,1,1,1,0,0],
                vec![0,0,0,1,1,0,0,0],
                vec![0,0,0,1,1,0,0,0],
                vec![0,0,0,1,1,0,0,0]];
}
'Z' => {
    return vec![vec![0,1,1,1,1,1,1,0],
                vec![0,1,1,1,1,1,1,0],
                vec![0,0,0,0,1,1,0,0],
                vec![0,0,0,1,1,0,0,0],
                vec![0,0,0,1,1,0,0,0],
                vec![0,0,1,1,0,0,0,0],
                vec![0,1,1,1,1,1,1,0],
                vec![0,1,1,1,1,1,1,0]];
}
'1' => {
    return vec![vec![0,0,0,1,1,0,0,0],
                vec![0,0,1,1,1,0,0,0],
                vec![0,0,0,1,1,0,0,0],
                vec![0,0,0,1,1,0,0,0],
                vec![0,0,0,1,1,0,0,0],
                vec![0,0,0,1,1,0,0,0],
                vec![0,0,0,1,1,0,0,0],
                vec![0,0,1,1,1,1,0,0]];
}
'2' => {
    return vec![vec![0,0,1,1,1,1,0,0],
                vec![0,1,1,1,1,1,1,0],
                vec![0,1,1,0,1,1,1,0],
                vec![0,0,0,0,1,1,1,0],
                vec![0,0,0,1,1,1,0,0],
                vec![0,0,1,1,1,0,0,0],
                vec![0,1,1,1,1,1,1,0],
                vec![0,1,1,1,1,1,1,0]];
}
'3' => {
    return vec![vec![0,1,1,1,1,1,1,0],
                vec![0,1,1,1,1,1,1,0],
                vec![0,0,0,0,0,1,1,0],
                vec![0,1,1,1,1,1,1,0],
                vec![0,1,1,1,1,1,1,0],
                vec![0,0,0,0,0,1,1,0],
                vec![0,1,1,1,1,1,1,0],
                vec![0,1,1,1,1,1,1,0]];
}
'4' => {
    return vec![vec![0,1,1,0,1,1,0,0],
                vec![0,1,1,0,1,1,0,0],
                vec![0,1,1,0,1,1,0,0],
                vec![0,1,1,1,1,1,1,0],
                vec![0,1,1,1,1,1,1,0],
                vec![0,0,0,0,1,1,0,0],
                vec![0,0,0,0,1,1,0,0],
                vec![0,0,0,0,1,1,0,0]];
}
'5' => {
    return vec![vec![0,1,1,1,1,1,1,0],
                vec![0,1,1,0,0,0,0,0],
                vec![0,1,1,0,0,0,0,0],
                vec![0,1,1,1,1,1,0,0],
                vec![0,1,1,1,1,1,1,0],
                vec![0,0,0,0,0,1,1,0],
                vec![0,1,1,1,1,1,1,0],
                vec![0,1,1,1,1,1,0,0]];
}
'6' => {
    return vec![vec![0,1,1,1,1,1,1,0],
                vec![0,1,1,0,0,0,1,0],
                vec![0,1,1,0,0,0,0,0],
                vec![0,1,1,1,1,1,0,0],
                vec![0,1,1,1,1,1,1,0],
                vec![0,1,1,0,0,1,1,0],
                vec![0,1,1,1,1,1,1,0],
                vec![0,0,1,1,1,1,0,0]];
}
'7' => {
    return vec![vec![0,1,1,1,1,1,1,0],
                vec![0,1,1,1,1,1,1,0],
                vec![0,1,0,0,0,1,1,0],
                vec![0,0,0,0,1,1,1,0],
                vec![0,0,0,0,1,1,0,0],
                vec![0,0,0,1,1,1,0,0],
                vec![0,0,0,1,1,0,0,0],
                vec![0,0,0,1,1,0,0,0]];
}
'8' => {
    return vec![vec![0,0,1,1,1,1,0,0],
                vec![0,1,1,1,1,1,1,0],
                vec![0,1,1,0,0,1,1,0],
                vec![0,0,1,1,1,1,0,0],
                vec![0,0,1,1,1,1,0,0],
                vec![0,1,1,0,0,1,1,0],
                vec![0,1,1,1,1,1,1,0],
                vec![0,0,1,1,1,1,0,0]];
}
'9' => {
    return vec![vec![0,0,1,1,1,1,0,0],
                vec![0,1,1,1,1,1,1,0],
                vec![0,1,1,0,0,1,1,0],
                vec![0,1,1,1,1,1,1,0],
                vec![0,0,1,1,1,1,1,0],
                vec![0,0,0,0,0,1,1,0],
                vec![0,0,0,0,0,1,1,0],
                vec![0,0,0,0,0,1,1,0]];
}
'0' => {
    return vec![vec![0,1,1,1,1,1,1,0],
                vec![0,1,1,1,1,1,1,0],
                vec![0,1,1,0,0,1,1,0],
                vec![0,1,1,0,1,1,1,0],
                vec![0,1,1,1,0,1,1,0],
                vec![0,1,1,0,0,1,1,0],
                vec![0,1,1,1,1,1,1,0],
                vec![0,1,1,1,1,1,1,0]];
}
':' => {
    return vec![vec![0,0,1,1,0,0,0,0],
                vec![0,0,1,1,0,0,0,0],
                vec![0,0,0,0,0,0,0,0],
                vec![0,0,0,0,0,0,0,0],
                vec![0,0,0,0,0,0,0,0],
                vec![0,0,0,0,0,0,0,0],
                vec![0,0,1,1,0,0,0,0],
                vec![0,0,1,1,0,0,0,0]];
}
'.' => {
    return vec![vec![0,0,0,0,0,0,0,0],
                vec![0,0,0,0,0,0,0,0],
                vec![0,0,0,0,0,0,0,0],
                vec![0,0,0,0,0,0,0,0],
                vec![0,0,0,0,0,0,0,0],
                vec![0,0,0,0,0,0,0,0],
                vec![0,0,0,1,1,0,0,0],
                vec![0,0,0,1,1,0,0,0]];
}
'>' => {
    return vec![vec![0,0,0,0,0,0,0,0],
                vec![0,0,0,0,1,0,0,0],
                vec![0,0,0,0,1,1,0,0],
                vec![0,1,1,1,1,1,1,0],
                vec![0,1,1,1,1,1,1,0],
                vec![0,0,0,0,1,1,0,0],
                vec![0,0,0,0,1,0,0,0],
                vec![0,0,0,0,0,0,0,0]];
}
' ' => {
    return vec![vec![0,0,0,0,0,0,0,0],
                vec![0,0,0,0,0,0,0,0],
                vec![0,0,0,0,0,0,0,0],
                vec![0,0,0,0,0,0,0,0],
                vec![0,0,0,0,0,0,0,0],
                vec![0,0,0,0,0,0,0,0],
                vec![0,0,0,0,0,0,0,0],
                vec![0,0,0,0,0,0,0,0]];
}
_ => {
    return vec![vec![1,1,1,1,1,1,1,1],
                vec![1,1,1,1,1,1,1,1],
                vec![1,1,1,1,1,1,1,1],
                vec![1,1,1,1,1,1,1,1],
                vec![1,1,1,1,1,1,1,1],
                vec![1,1,1,1,1,1,1,1],
                vec![1,1,1,1,1,1,1,1],
                vec![1,1,1,1,1,1,1,1]];
}